[3J[H[2Jar : [72, 0, 0, 0, 0, 0, 0, 0, 0, 0, 0, 0, 0, 0, 0, 0]
ar : [72, 101, 0, 0, 0, 0, 0, 0, 0, 0, 0, 0, 0, 0, 0, 0]
ar : [72, 101, 101, 0, 0, 0, 0, 0, 0, 0, 0, 0, 0, 0, 0, 0]
ar : [72, 101, 101, 101, 0, 0, 0, 0, 0, 0, 0, 0, 0, 0, 0, 0]
ar : [72, 101, 101, 101, 101, 0, 0, 0, 0, 0, 0, 0, 0, 0, 0, 0]
ar : [72, 101, 101, 101, 101, 101, 0, 0, 0, 0, 0, 0, 0, 0, 0, 0]
ar : [72, 101, 101, 101, 101, 101, 101, 0, 0, 0, 0, 0, 0, 0, 0, 0]
ar : [72, 101, 101, 101, 101, 101, 101, 101, 0, 0, 0, 0, 0, 0, 0, 0]
ar : [72, 101, 101, 101, 101, 101, 101, 101, 101, 0, 0, 0, 0, 0, 0, 0]
ar : [72, 101, 101, 101, 101, 101, 101, 101, 101, 101, 0, 0, 0, 0, 0, 0]
ar : [72, 101, 101, 101, 101, 101, 101, 101, 101, 101, 101, 0, 0, 0, 0, 0]
ar : [72, 101, 101, 101, 101, 101, 101, 101, 101, 101, 101, 101, 0, 0, 0, 0]
ar : [72, 101, 101, 101, 101, 101, 101, 101, 101, 101, 101, 101, 101, 0, 0, 0]
ar : [72, 101, 101, 101, 101, 101, 101, 101, 101, 101, 101, 101, 101, 101, 0, 0]
ar : [72, 101, 101, 101, 101, 101, 101, 101, 101, 101, 101, 101, 101, 101, 101, 0]
ar : [72, 101, 101, 101, 101, 101, 101, 101, 101, 101, 101, 101, 101, 101, 101, 32]
PT@0:[72, 101, 101, 101, 101, 101, 101, 101, 101, 101, 101, 101, 101, 101, 101, 32]
IP@0:[47, 70, 241, 138, 41, 176, 74, 19, 154, 187, 30, 213, 15, 227, 7, 124]
########################################################### ----- new data
Initial Round - AddRoundKey:  [160, 184, 43, 158, 132, 123, 77, 191, 211, 172, 127, 248, 90, 156, 27, 40]
Round:  1
subBytes: [224, 108, 241, 11, 95, 33, 227, 8, 102, 145, 210, 65, 190, 222, 175, 52]
shiftrows: [224, 108, 241, 11, 33, 227, 8, 95, 210, 65, 102, 145, 52, 190, 222, 175]
mixcolumn: [94, 25, 89, 201, 251, 204, 149, 178, 34, 212, 76, 135, 160, 113, 193, 150]
roundKey: [154, 76, 189, 188, 47, 211, 124, 7, 32, 48, 201, 253, 241, 175, 209, 210]
Round:  2
subBytes: [184, 41, 122, 101, 21, 102, 16, 197, 183, 4, 221, 84, 161, 121, 62, 181]
shiftrows: [184, 41, 122, 101, 102, 16, 197, 21, 221, 84, 183, 4, 181, 161, 121, 62]
mixcolumn: [169, 151, 110, 207, 189, 84, 80, 125, 187, 105, 65, 58, 25, 102, 14, 194]
roundKey: [186, 209, 204, 24, 179, 69, 168, 48, 162, 148, 57, 56, 213, 116, 12, 132]
Round:  3
subBytes: [244, 62, 75, 173, 109, 110, 194, 4, 58, 34, 18, 7, 3, 146, 254, 95]
shiftrows: [244, 62, 75, 173, 110, 194, 4, 109, 18, 7, 58, 34, 95, 3, 146, 254]
mixcolumn: [12, 37, 50, 42, 65, 171, 159, 239, 95, 247, 150, 157, 197, 129, 220, 68]
roundKey: [248, 151, 34, 237, 56, 195, 15, 50, 28, 73, 80, 89, 7, 81, 14, 208]
Round:  4
subBytes: [65, 136, 147, 85, 7, 46, 118, 35, 156, 59, 83, 203, 197, 209, 171, 112]
shiftrows: [65, 136, 147, 85, 46, 118, 35, 7, 83, 203, 156, 59, 112, 197, 209, 171]
mixcolumn: [211, 159, 21, 51, 152, 231, 187, 189, 89, 39, 251, 194, 94, 175, 168, 142]
roundKey: [238, 16, 138, 107, 253, 234, 38, 253, 56, 248, 226, 31, 90, 123, 174, 28]
Round:  5
subBytes: [40, 202, 126, 127, 84, 135, 247, 84, 7, 65, 152, 192, 190, 33, 228, 156]
shiftrows: [40, 202, 126, 127, 135, 247, 84, 84, 152, 192, 7, 65, 156, 190, 33, 228]
mixcolumn: [198, 243, 38, 167, 18, 218, 254, 240, 59, 127, 71, 158, 68, 21, 147, 71]
roundKey: [226, 88, 18, 203, 182, 115, 202, 132, 21, 142, 175, 171, 42, 175, 47, 105]
Round:  6
subBytes: [152, 106, 201, 31, 78, 143, 116, 95, 89, 25, 121, 98, 229, 121, 21, 249]
shiftrows: [152, 106, 201, 31, 143, 116, 95, 78, 121, 98, 89, 25, 249, 229, 121, 21]
mixcolumn: [33, 207, 72, 224, 239, 193, 229, 189, 245, 238, 175, 92, 172, 121, 180, 92]
roundKey: [183, 242, 65, 133, 221, 90, 74, 102, 234, 0, 169, 111, 146, 253, 140, 74]
Round:  7
subBytes: [169, 137, 131, 151, 193, 190, 214, 51, 135, 99, 211, 168, 79, 84, 100, 214]
shiftrows: [169, 137, 131, 151, 190, 214, 51, 193, 211, 168, 135, 99, 214, 79, 84, 100]
mixcolumn: [149, 143, 155, 106, 118, 146, 35, 207, 203, 197, 89, 60, 58, 96, 130, 200]
roundKey: [250, 221, 192, 84, 135, 248, 230, 209, 147, 115, 233, 191, 73, 151, 77, 17]
Round:  8
subBytes: [45, 193, 186, 32, 23, 65, 142, 62, 220, 143, 30, 8, 59, 136, 227, 130]
shiftrows: [45, 193, 186, 32, 65, 142, 62, 23, 30, 8, 220, 143, 130, 59, 136, 227]
mixcolumn: [5, 3[3J[H[2J5, 121, 21, 15, 229, 49, 103, 205, 18, 164, 12, 55, 168, 60, 37]
roundKey: [152, 236, 237, 191, 18, 146, 131, 203, 160, 201, 207, 228, 246, 158, 197, 5]
Round:  9
subBytes: [70, 206, 85, 8, 201, 79, 236, 31, 224, 221, 138, 105, 66, 11, 166, 107]
shiftrows: [70, 206, 85, 8, 79, 236, 31, 201, 138, 105, 224, 221, 107, 66, 11, 166]
mixcolumn: [188, 131, 96, 43, 54, 244, 91, 91, 187, 54, 140, 145, 217, 72, 22, 91]
roundKey: [171, 91, 44, 205, 176, 5, 24, 180, 97, 55, 230, 19, 180, 19, 180, 217]
###Last Round of Encryption###
subByte:  [98, 57, 113, 189, 231, 107, 173, 141, 239, 154, 142, 125, 141, 125, 141, 53]
shiftRows:  [98, 57, 113, 189, 107, 173, 141, 231, 142, 125, 239, 154, 53, 141, 125, 141]
addRoundKey:  [156, 31, 27, 49, 254, 201, 170, 47, 71, 181, 77, 186, 214, 53, 103, 21]
ar : [72, 0, 0, 0, 0, 0, 0, 0, 0, 0, 0, 0, 0, 0, 0, 0]
ar : [72, 101, 0, 0, 0, 0, 0, 0, 0, 0, 0, 0, 0, 0, 0, 0]
ar : [72, 101, 101, 0, 0, 0, 0, 0, 0, 0, 0, 0, 0, 0, 0, 0]
ar : [72, 101, 101, 101, 0, 0, 0, 0, 0, 0, 0, 0, 0, 0, 0, 0]
ar : [72, 101, 101, 101, 101, 0, 0, 0, 0, 0, 0, 0, 0, 0, 0, 0]
ar : [72, 101, 101, 101, 101, 101, 0, 0, 0, 0, 0, 0, 0, 0, 0, 0]
ar : [72, 101, 101, 101, 101, 101, 101, 0, 0, 0, 0, 0, 0, 0, 0, 0]
ar : [72, 101, 101, 101, 101, 101, 101, 101, 0, 0, 0, 0, 0, 0, 0, 0]
ar : [72, 101, 101, 101, 101, 101, 101, 101, 101, 0, 0, 0, 0, 0, 0, 0]
ar : [72, 101, 101, 101, 101, 101, 101, 101, 101, 101, 0, 0, 0, 0, 0, 0]
ar : [72, 101, 101, 101, 101, 101, 101, 101, 101, 101, 101, 0, 0, 0, 0, 0]
ar : [72, 101, 101, 101, 101, 101, 101, 101, 101, 101, 101, 101, 0, 0, 0, 0]
ar : [72, 101, 101, 101, 101, 101, 101, 101, 101, 101, 101, 101, 101, 0, 0, 0]
ar : [72, 101, 101, 101, 101, 101, 101, 101, 101, 101, 101, 101, 101, 101, 0, 0]
ar : [72, 101, 101, 101, 101, 101, 101, 101, 101, 101, 101, 101, 101, 101, 101, 0]
ar : [72, 101, 101, 101, 101, 101, 101, 101, 101, 101, 101, 101, 101, 101, 101, 10]
PT@1:[72, 101, 101, 101, 101, 101, 101, 101, 101, 101, 101, 101, 101, 101, 101, 10]
IP@1:[212, 155, 34, 179, 122, 172, 208, 80, 126, 207, 40, 2, 84, 74, 223, 31]
########################################################### ----- new data
Initial Round - AddRoundKey:  [91, 235, 207, 197, 89, 103, 57, 22, 0, 54, 73, 32, 99, 223, 204, 75]
Round:  1
subBytes: [57, 233, 138, 166, 203, 133, 18, 71, 99, 5, 59, 183, 251, 158, 75, 179]
shiftrows: [57, 233, 138, 166, 133, 18, 71, 203, 59, 183, 99, 5, 179, 251, 158, 75]
mixcolumn: [110, 179, 59, 95, 214, 244, 63, 111, 4, 152, 178, 186, 136, 104, 134, 169]
roundKey: [170, 230, 223, 42, 2, 235, 214, 218, 6, 124, 55, 192, 217, 182, 150, 237]
Round:  2
subBytes: [172, 142, 158, 229, 119, 233, 246, 87, 111, 16, 154, 186, 53, 78, 144, 85]
shiftrows: [172, 142, 158, 229, 233, 246, 87, 119, 154, 186, 111, 16, 85, 53, 78, 144]
mixcolumn: [172, 137, 255, 200, 133, 153, 207, 171, 149, 72, 197, 25, 54, 175, 29, 104]
roundKey: [191, 207, 93, 31, 139, 136, 55, 230, 140, 181, 189, 27, 250, 189, 31, 46]
Round:  3
subBytes: [8, 138, 76, 192, 61, 196, 154, 142, 100, 213, 122, 175, 45, 122, 192, 49]
shiftrows: [8, 138, 76, 192, 196, 154, 142, 61, 122, 175, 100, 213, 49, 45, 122, 192]
mixcolumn: [12, 56, 15, 201, 36, 98, 157, 30, 107, 34, 132, 23, 196, 234, 202, 40]
roundKey: [248, 138, 31, 14, 93, 10, 13, 195, 40, 156, 66, 211, 6, 58, 24, 188]
Round:  4
subBytes: [65, 126, 192, 171, 76, 103, 215, 46, 52, 222, 44, 102, 111, 128, 173, 101]
shiftrows: [65, 126, 192, 171, 103, 215, 46, 76, 44, 102, 52, 222, 101, 111, 128, 173]
mixcolumn: [98, 151, 93, 234, 158, 14, 64, 231, 209, 212, 29, 172, 66, 237, 90, 53]
roundKey: [95, 24, 194, 178, 251, 3, 221, 167, 176, 11, 4, 113, 70, 57, 92, 167]
Round:  5
subBytes: [207, 173, 37, 55, 15, 123, 193, 92, 231, 43, 242, 163, 90, 18, 74, 92]
shiftrows: [207, 173, 37, 55, 123, 193, 92, 15, 242, 163, 231, 43, 92, 90, 18, 74]
mixcolumn: [166, 224, 91, 30, 104, 144, 189, 30, 175, 223, 154, 176, 123, 58, 240, 233]
roundKey: [130, 75, 111, 114, 204, 57, 137, 106, 129, 46, 114, 133, 21, 128, 76, 199]
Round:  6
subBytes: [19, 179, 168, 64, 75, 18, 167, 2, 12, 49, 64, 151, 89, 205, 41, 198]
shiftrows: [19, 179, 168, 64, 18, 167, 2, 75, 64, 151, 12, 49, 198, 89, 205, 41]
mixcolumn: [150, 65, 140, 69, 49, 29, 117, 172, 208, 202, 254, 18, 240, 76, 108, 232]
roundKey: [0, 124, 133, 32, 3, 134, 218, 119, 207, 36, 248, 33, 206, 200, 84, 254]
Round:  7
subBytes: [99, 16, 151, 183, 123, 68, 87, 245, 138, 54, 65, 253, 139, 232, 32, 187]
shiftrows: [99, 16, 151, 183, 68, 87, 245, 123, 65, 253, 138, 54, 187, 139, 232, 32]
mixcolumn: [240, 175, 83, 238, 147, 41, 11, 59, 115, 32, 78, 192, 205, 151, 22, 207]
roundKey: [159, 253, 8, 208, 98, 67, 206, 37, 43, 150, 254, 67, 190, 96, 217, 22]
Round:  8
subBytes: [219, 84, 48, 112, 170, 26, 139, 63, 241, 144, 187, 26, 174, 208, 53, 71]
shiftrows: [219, 84, 48, 112, 26, 139, 63, 170, 187, 26, 241, 144, 71, 174, 208, 53]
mixcolumn: [127, 154, 0, 160, 126, 217, 150, 161, 101, 2, 157, 190, 89, 42, 37, 192]
roundKey: [226, 85, 148, 10, 99, 174, 36, 13, 8, 217, 246, 86, 152, 28, 220, 224]
Round:  9
subBytes: [152, 252, 34, 103, 251, 228, 54, 215, 48, 53, 66, 177, 70, 156, 134, 225]
shiftrows: [152, 252, 34, 103, 228, 54, 215, 251, 66, 177, 48, 53, 225, 70, 156, 134]
mixcolumn: [191, 78, 138, 107, 108, 30, 91, 83, 192, 121, 42, 103, 204, 20, 162, 112]
roundKey: [168, 150, 198, 141, 234, 239, 24, 188, 26, 120, 64, 229, 161, 79, 0, 242]
###Last Round of Encryption###
subByte:  [194, 144, 180, 93, 135, 223, 173, 101, 162, 188, 9, 217, 50, 132, 99, 137]
shiftRows:  [194, 144, 180, 93, 223, 173, 101, 135, 9, 217, 162, 188, 137, 50, 132, 99]
addRoundKey:  [60, 182, 222, 209, 74, 201, 66, 79, 192, 17, 0, 156, 106, 138, 158, 251]
m=2, ol=32 (32), ciph=[156, 254, 71, 214, 31, 201, 181, 53, 27, 170, 77, 103, 49, 47, 186, 21, 60, 74, 192, 106, 182, 201, 17, 138, 222, 66, 0, 158, 209, 79, 156, 251]
Decryption Started...
AddRoundKey:  [98, 57, 113, 189, 107, 173, 141, 231, 142, 125, 239, 154, 53, 141, 125, 141]
Round:  9
shiftrows:  [98, 57, 113, 189, 231, 107, 173, 141, 239, 154, 142, 125, 141, 125, 141, 53]
subBytes:  [171, 91, 44, 205, 176, 5, 24, 180, 97, 55, 230, 19, 180, 19, 180, 217]
addRoundKey:  [188, 131, 96, 43, 54, 244, 91, 91, 187, 54, 140, 145, 217, 72, 22, 91]
mixColumns:  [70, 206, 85, 8, 79, 236, 31, 201, 138, 105, 224, 221, 107, 66, 11, 166]
Round:  8
shiftrows:  [70, 206, 85, 8, 201, 79, 236, 31, 224, 221, 138, 105, 66, 11, 166, 107]
subBytes:  [152, 236, 237, 191, 18, 146, 131, 203, 160, 201, 207, 228, 246, 158, 197, 5]
addRoundKey:  [5, 35, 121, 21, 15, 229, 49, 103, 205, 18, 164, 12, 55, 168, 60, 37]
mixColumns:  [45, 193, 186, 32, 65, 142, 62, 23, 30, 8, 220, 143, 130, 59, 136, 227]
Round:  7
shiftrows:  [45, 193, 186, 32, 23, 65, 142, 62, 220, 143, 30, 8, 59, 136, 227, 130]
subBytes:  [250, 221, 192, 84, 135, 248, 230, 209, 147, 115, 233, 191, 73, 151, 77, 17]
addRoundKey:  [149, 143, 155, 106, 118, 146, 35, 207, 203, 197, 89, 60, 58, 96, 130, 200]
mixColumns:  [169, 137, 131, 151, 190, 214, 51, 193, 211, 168, 135, 99, 214, 79, 84, 100]
Round:  6
shiftrows:  [169, 137, 131, 151, 193, 190, 214, 51, 135, 99, 211, 168, 79, 84, 100, 214]
subBytes:  [183, 242, 65, 133, 221, 90, 74, 102, 234, 0, 169, 111, 146, 253, 140, 74]
addRoundKey:  [33, 207, 72, 224, 239, 193, 229, 189, 245, 238, 175, 92, 172, 121, 180, 92]
mixColumns:  [152, 106, 201, 31, 143, 116, 95, 78, 121, 98, 89, 25, 249, 229, 121, 21]
Round:  5
shiftrows:  [152, 106, 201, 31, 78, 143, 116, 95, 89, 25, 121, 98, 229, 121, 21, 249]
subBytes:  [226, 88, 18, 203, 182, 115, 202, 132, 21, 142, 175, 171, 42, 175, 47, 105]
addRoundKey:  [198, 243, 38, 167, 18, 218, 254, 240, 59, 127, 71, 158, 68, 21, 147, 71]
mixColumns:  [40, 202, 126, 127, 135, 247, 84, 84, 152, 192, 7, 65, 156, 190, 33, 228]
Round:  4
shiftrows:  [40, 202, 126, 127, 84, 135, 247, 84, 7, 65, 152, 192, 190, 33, 228, 156]
subBytes:  [238, 16, 138, 107, 253, 234, 38, 253, 56, 248, 226, 31, 90, 123, 174, 28]
addRoundKey:  [211, 159, 21, 51, 152, 231, 187, 189, 89, 39, 251, 194, 94, 175, 168, 142]
mixColumns:  [65, 136, 147, 85, 46, 118, 35, 7, 83, 203, 156, 59, 112, 197, 209, 171]
Round:  3
shiftrows:  [65, 136, 147, 85, 7, 46, 118, 35, 156, 59, 83, 203, 197, 209, 171, 112]
subBytes:  [248, 151, 34, 237, 56, 195, 15, 50, 28, 73, 80, 89, 7, 81, 14, 208]
addRoundKey:  [12, 37, 50, 42, 65, 171, 159, 239, 95, 247, 150, 157, 197, 129, 220, 68]
mixColumns:  [244, 62, 75, 173, 110, 194, 4, 109, 18, 7, 58, 34, 95, 3, 146, 254]
Round:  2
shiftrows:  [244, 62, 75, 173, 109, 110, 194, 4, 58, 34, 18, 7, 3, 146, 254, 95]
subBytes:  [186, 209, 204, 24, 179, 69, 168, 48, 162, 148, 57, 56, 213, 116, 12, 132]
addRoundKey:  [169, 151, 110, 207, 189, 84, 80, 125, 187, 105, 65, 58, 25, 102, 14, 194]
mixColumns:  [184, 41, 122, 101, 102, 16, 197, 21, 221, 84, 183, 4, 181, 161, 121, 62]
Round:  1
shiftrows:  [184, 41, 122, 101, 21, 102, 16, 197, 183, 4, 221, 84, 161, 121, 62, 181]
subBytes:  [154, 76, 189, 188, 47, 211, 124, 7, 32, 48, 201, 253, 241, 175, 209, 210]
addRoundKey:  [94, 25, 89, 201, 251, 204, 149, 178, 34, 212, 76, 135, 160, 113, 193, 150]
mixColumns:  [224, 108, 241, 11, 33, 227, 8, 95, 210, 65, 102, 145, 52, 190, 222, 175]
###Last Round of Decryption###
ShiftRows:  [224, 108, 241, 11, 95, 33, 227, 8, 102, 145, 210, 65, 190, 222, 175, 52]
SubByte:  [160, 184, 43, 158, 132, 123, 77, 191, 211, 172, 127, 248, 90, 156, 27, 40]
AddRoundKey:  [47, 41, 154, 15, 70, 176, 187, 227, 241, 74, 30, 7, 138, 19, 213, 124]
Decryption Started...
AddRoundKey:  [194, 144, 180, 93, 223, 173, 101, 135, 9, 217, 162, 188, 137, 50, 132, 99]
Round:  9
shiftrows:  [194, 144, 180, 93, 135, 223, 173, 101, 162, 188, 9, 217, 50, 132, 99, 137]
subBytes:  [168, 150, 198, 141, 234, 239, 24, 188, 26, 120, 64, 229, 161, 79, 0, 242]
addRoundKey:  [191, 78, 138, 107, 108, 30, 91, 83, 192, 121, 42, 103, 204, 20, 162, 112]
mixColumns:  [152, 252, 34, 103, 228, 54, 215, 251, 66, 177, 48, 53, 225, 70, 156, 134]
Round:  8
shiftrows:  [152, 252, 34, 103, 251, 228, 54, 215, 48, 53, 66, 177, 70, 156, 134, 225]
subBytes:  [226, 85, 148, 10, 99, 174, 36, 13, 8, 217, 246, 86, 152, 28, 220, 224]
addRoundKey:  [127, 154, 0, 160, 126, 217, 150, 161, 101, 2, 157, 190, 89, 42, 37, 192]
mixColumns:  [219, 84, 48, 112, 26, 139, 63, 170, 187, 26, 241, 144, 71, 174, 208, 53]
Round:  7
shiftrows:  [219, 84, 48, 112, 170, 26, 139, 63, 241, 144, 187, 26, 174, 208, 53, 71]
subBytes:  [159, 253, 8, 208, 98, 67, 206, 37, 43, 150, 254, 67, 190, 96, 217, 22]
addRoundKey:  [240, 175, 83, 238, 147, 41, 11, 59, 115, 32, 78, 192, 205, 151, 22, 207]
mixColumns:  [99, 16, 151, 183, 68, 87, 245, 123, 65, 253, 138, 54, 187, 139, 232, 32]
Round:  6
shiftrows:  [99, 16, 151, 183, 123, 68, 87, 245, 138, 54, 65, 253, 139, 232, 32, 187]
subBytes:  [0, 124, 133, 32, 3, 134, 218, 119, 207, 36, 248, 33, 206, 200, 84, 254]
addRoundKey:  [150, 65, 140, 69, 49, 29, 117, 172, 208, 202, 254, 18, 240, 76, 108, 232]
mixColumns:  [19, 179, 168, 64, 18, 167, 2, 75, 64, 151, 12, 49, 198, 89, 205, 41]
Round:  5
shiftrows:  [19, 179, 168, 64, 75, 18, 167, 2, 12, 49, 64, 151, 89, 205, 41, 198]
subBytes:  [130, 75, 111, 114, 204, 57, 137, 106, 129, 46, 114, 133, 21, 128, 76, 199]
addRoundKey:  [166, 224, 91, 30, 104, 144, 189, 30, 175, 223, 154, 176, 123, 58, 240, 233]
mixColumns:  [207, 173, 37, 55, 123, 193, 92, 15, 242, 163, 231, 43, 92, 90, 18, 74]
Round:  4
shiftrows:  [207, 173, 37, 55, 15, 123, 193, 92, 231, 43, 242, 163, 90, 18, 74, 92]
subBytes:  [95, 24, 194, 178, 251, 3, 221, 167, 176, 11, 4, 113, 70, 57, 92, 167]
addRoundKey:  [98, 151, 93, 234, 158, 14, 64, 231, 209, 212, 29, 172, 66, 237, 90, 53]
mixColumns:  [65, 126, 192, 171, 103, 215, 46, 76, 44, 102, 52, 222, 101, 111, 128, 173]
Round:  3
shiftrows:  [65, 126, 192, 171, 76, 103, 215, 46, 52, 222, 44, 102, 111, 128, 173, 101]
subBytes:  [248, 138, 31, 14, 93, 10, 13, 195, 40, 156, 66, 211, 6, 58, 24, 188]
addRoundKey:  [12, 56, 15, 201, 36, 98, 157, 30, 107, 34, 132, 23, 196, 234, 202, 40]
mixColumns:  [8, 138, 76, 192, 196, 154, 142, 61, 122, 175, 100, 213, 49, 45, 122, 192]
Round:  2
shiftrows:  [8, 138, 76, 192, 61, 196, 154, 142, 100, 213, 122, 175, 45, 122, 192, 49]
subBytes:  [191, 207, 93, 31, 139, 136, 55, 230, 140, 181, 189, 27, 250, 189, 31, 46]
addRoundKey:  [172, 137, 255, 200, 133, 153, 207, 171, 149, 72, [3J[H[2J197, 25, 54, 175, 29, 104]
mixColumns:  [172, 142, 158, 229, 233, 246, 87, 119, 154, 186, 111, 16, 85, 53, 78, 144]
Round:  1
shiftrows:  [172, 142, 158, 229, 119, 233, 246, 87, 111, 16, 154, 186, 53, 78, 144, 85]
subBytes:  [170, 230, 223, 42, 2, 235, 214, 218, 6, 124, 55, 192, 217, 182, 150, 237]
addRoundKey:  [110, 179, 59, 95, 214, 244, 63, 111, 4, 152, 178, 186, 136, 104, 134, 169]
mixColumns:  [57, 233, 138, 166, 133, 18, 71, 203, 59, 183, 99, 5, 179, 251, 158, 75]
###Last Round of Decryption###
ShiftRows:  [57, 233, 138, 166, 203, 133, 18, 71, 99, 5, 59, 183, 251, 158, 75, 179]
SubByte:  [91, 235, 207, 197, 89, 103, 57, 22, 0, 54, 73, 32, 99, 223, 204, 75]
AddRoundKey:  [212, 122, 126, 84, 155, 172, 207, 74, 34, 208, 40, 223, 179, 80, 2, 31]
Heeeeeeeeeeeeee Heeeeeeeeeeeeee

Random key test Mode: CBC
cleartext: Heeeeeeeeeeeeee Heeeeeeeeeeeeee

Key: [7, 205, 41, 188, 96, 188, 185, 114, 190, 42, 241, 151, 125, 199, 117, 117]
numpads:  16
ar : [72, 0, 0, 0, 0, 0, 0, 0, 0, 0, 0, 0, 0, 0, 0, 0]
ar : [72, 101, 0, 0, 0, 0, 0, 0, 0, 0, 0, 0, 0, 0, 0, 0]
ar : [72, 101, 101, 0, 0, 0, 0, 0, 0, 0, 0, 0, 0, 0, 0, 0]
ar : [72, 101, 101, 101, 0, 0, 0, 0, 0, 0, 0, 0, 0, 0, 0, 0]
ar : [72, 101, 101, 101, 101, 0, 0, 0, 0, 0, 0, 0, 0, 0, 0, 0]
ar : [72, 101, 101, 101, 101, 101, 0, 0, 0, 0, 0, 0, 0, 0, 0, 0]
ar : [72, 101, 101, 101, 101, 101, 101, 0, 0, 0, 0, 0, 0, 0, 0, 0]
ar : [72, 101, 101, 101, 101, 101, 101, 101, 0, 0, 0, 0, 0, 0, 0, 0]
ar : [72, 101, 101, 101, 101, 101, 101, 101, 101, 0, 0, 0, 0, 0, 0, 0]
ar : [72, 101, 101, 101, 101, 101, 101, 101, 101, 101, 0, 0, 0, 0, 0, 0]
ar : [72, 101, 101, 101, 101, 101, 101, 101, 101, 101, 101, 0, 0, 0, 0, 0]
ar : [72, 101, 101, 101, 101, 101, 101, 101, 101, 101, 101, 101, 0, 0, 0, 0]
ar : [72, 101, 101, 101, 101, 101, 101, 101, 101, 101, 101, 101, 101, 0, 0, 0]
ar : [72, 101, 101, 101, 101, 101, 101, 101, 101, 101, 101, 101, 101, 101, 0, 0]
ar : [72, 101, 101, 101, 101, 101, 101, 101, 101, 101, 101, 101, 101, 101, 101, 0]
ar : [72, 101, 101, 101, 101, 101, 101, 101, 101, 101, 101, 101, 101, 101, 101, 32]
PT@0:[72, 101, 101, 101, 101, 101, 101, 101, 101, 101, 101, 101, 101, 101, 101, 32]
IP@0:[172, 50, 39, 180, 97, 84, 105, 193, 152, 62, 118, 195, 96, 200, 125, 230]
########################################################### ----- new data
Initial Round - AddRoundKey:  [171, 1, 38, 29, 255, 232, 20, 15, 14, 208, 135, 8, 8, 179, 84, 147]
Round:  1
subBytes: [98, 124, 247, 164, 22, 155, 250, 118, 171, 112, 23, 48, 48, 109, 32, 220]
shiftrows: [98, 124, 247, 164, 155, 250, 118, 22, 23, 48, 171, 112, 220, 48, 109, 32]
mixcolumn: [185, 237, 169, 57, 170, 243, 144, 56, 168, 182, 123, 50, 137, 46, 5, 209]
roundKey: [121, 77, 183, 90, 250, 31, 86, 57, 28, 187, 135, 187, 202, 31, 163, 2]
Round:  2
subBytes: [182, 227, 169, 190, 45, 192, 177, 18, 156, 234, 23, 234, 116, 192, 10, 119]
shiftrows: [182, 227, 169, 190, 192, 177, 18, 45, 23, 234, 156, 234, 119, 116, 192, 10]
mixcolumn: [76, 139, 35, 240, 99, 203, 242, 203, 193, 1, 195, 66, 248, 141, 245, 10]
roundKey: [242, 149, 35, 147, 148, 208, 47, 23, 19, 222, 224, 232, 64, 4, 218, 246]
Round:  3
subBytes: [137, 42, 38, 220, 34, 112, 21, 240, 125, 29, 225, 155, 9, 242, 87, 66]
shiftrows: [137, 42, 38, 220, 112, 21, 240, 34, 225, 155, 125, 29, 66, 9, 242, 87]
mixcolumn: [58, 249, 200, 143, 19, 191, 168, 232, 230, 9, 33, 61, 149, 226, 24, 238]
roundKey: [6, 219, 234, 206, 72, 255, 53, 169, 132, 180, 191, 9, 214, 40, 253, 247]
Round:  4
subBytes: [111, 185, 135, 139, 82, 22, 150, 211, 95, 141, 8, 1, 246, 52, 84, 104]
shiftrows: [111, 185, 135, 139, 22, 150, 211, 82, 8, 1, 95, 141, 104, 246, 52, 84]
mixcolumn: [132, 63, 16, 34, 51, 123, 239, 247, 209, 44, 182, 36, 127, 176, 118, 241]
roundKey: [51, 170, 167, 212, 112, 120, 113, 40, 103, 39, 35, 133, 191, 186, 153, 7]
Round:  5
subBytes: [195, 172, 92, 72, 81, 188, 163, 52, 133, 204, 38, 151, 8, 244, 238, 197]
shiftrows: [195, 172, 92, 72, 188, 163, 52, 81, 38, 151, 133, 204, 197, 8, 244, 238]
mixcolumn: [161, 34, 149, 65, 15, 91, 84, 75, 103, 34, 126, 179, 85, 203, 166, 130]
roundKey: [152, 142, 142, 1[3J[H[2J72, 126, 41, 184, 120, 147, 221, 20, 120, 215, 67, 193, 19]
Round:  6
subBytes: [70, 25, 25, 145, 243, 165, 108, 188, 220, 193, 250, 188, 14, 26, 120, 125]
shiftrows: [70, 25, 25, 145, 165, 108, 188, 243, 250, 188, 220, 193, 125, 14, 26, 120]
mixcolumn: [255, 52, 43, 142, 127, 16, 31, 76, 139, 4, 40, 115, 111, 231, 127, 106]
roundKey: [37, 66, 70, 14, 17, 12, 239, 143, 254, 142, 200, 88, 184, 184, 71, 195]
Round:  7
subBytes: [63, 44, 90, 171, 130, 254, 223, 115, 187, 25, 232, 106, 108, 108, 160, 46]
shiftrows: [63, 44, 90, 171, 254, 223, 115, 130, 232, 106, 187, 25, 46, 108, 108, 160]
mixcolumn: [161, 36, 246, 105, 213, 91, 6, 63, 120, 147, 240, 224, 11, 25, 254, 38]
roundKey: [21, 230, 89, 70, 74, 216, 117, 143, 222, 191, 60, 7, 17, 92, 131, 242]
Round:  8
subBytes: [89, 142, 203, 90, 214, 97, 157, 115, 29, 8, 235, 197, 130, 74, 236, 137]
shiftrows: [89, 142, 203, 90, 97, 157, 115, 214, 235, 197, 29, 8, 137, 130, 74, 236]
mixcolumn: [115, 252, 79, 49, 52, 121, 64, 25, 117, 31, 92, 179, 104, 206, 188, 243]
roundKey: [160, 237, 241, 160, 63, 241, 187, 82, 155, 221, 82, 90, 103, 132, 139, 16]
Round:  9
subBytes: [224, 85, 161, 224, 117, 161, 234, 0, 20, 193, 0, 190, 133, 95, 61, 202]
shiftrows: [224, 85, 161, 224, 161, 234, 0, 117, 0, 190, 20, 193, 202, 133, 95, 61]
mixcolumn: [233, 180, 18, 184, 115, 198, 194, 111, 4, 76, 104, 75, 21, 186, 82, 245]
roundKey: [146, 222, 198, 253, 102, 91, 164, 66, 251, 113, 91, 145, 155, 126, 161, 229]
###Last Round of Encryption###
subByte:  [79, 29, 180, 84, 51, 57, 73, 44, 15, 163, 57, 129, 20, 243, 50, 217]
shiftRows:  [79, 29, 180, 84, 57, 73, 44, 51, 57, 129, 15, 163, 217, 20, 243, 50]
addRoundKey:  [218, 226, 159, 58, 123, 150, 149, 167, 12, 137, 52, 66, 57, 48, 36, 245]
ar : [72, 0, 0, 0, 0, 0, 0, 0, 0, 0, 0, 0, 0, 0, 0, 0]
ar : [72, 101, 0, 0, 0, 0, 0, 0, 0, 0, 0, 0, 0, 0, 0, 0]
ar : [72, 101, 101, 0, 0, 0, 0, 0, 0, 0, 0, 0, 0, 0, 0, 0]
ar : [72, 101, 101, 101, 0, 0, 0, 0, 0, 0, 0, 0, 0, 0, 0, 0]
ar : [72, 101, 101, 101, 101, 0, 0, 0, 0, 0, 0, 0, 0, 0, 0, 0]
ar : [72, 101, 101, 101, 101, 101, 0, 0, 0, 0, 0, 0, 0, 0, 0, 0]
ar : [72, 101, 101, 101, 101, 101, 101, 0, 0, 0, 0, 0, 0, 0, 0, 0]
ar : [72, 101, 101, 101, 101, 101, 101, 101, 0, 0, 0, 0, 0, 0, 0, 0]
ar : [72, 101, 101, 101, 101, 101, 101, 101, 101, 0, 0, 0, 0, 0, 0, 0]
ar : [72, 101, 101, 101, 101, 101, 101, 101, 101, 101, 0, 0, 0, 0, 0, 0]
ar : [72, 101, 101, 101, 101, 101, 101, 101, 101, 101, 101, 0, 0, 0, 0, 0]
ar : [72, 101, 101, 101, 101, 101, 101, 101, 101, 101, 101, 101, 0, 0, 0, 0]
ar : [72, 101, 101, 101, 101, 101, 101, 101, 101, 101, 101, 101, 101, 0, 0, 0]
ar : [72, 101, 101, 101, 101, 101, 101, 101, 101, 101, 101, 101, 101, 101, 0, 0]
ar : [72, 101, 101, 101, 101, 101, 101, 101, 101, 101, 101, 101, 101, 101, 101, 0]
ar : [72, 101, 101, 101, 101, 101, 101, 101, 101, 101, 101, 101, 101, 101, 101, 10]
PT@1:[72, 101, 101, 101, 101, 101, 101, 101, 101, 101, 101, 101, 101, 101, 101, 10]
IP@1:[146, 30, 105, 92, 135, 243, 236, 85, 250, 240, 81, 65, 95, 194, 39, 255]
########################################################### ----- new data
Initial Round - AddRoundKey:  [149, 231, 68, 34, 211, 79, 218, 5, 64, 85, 160, 82, 224, 39, 214, 138]
Round:  1
subBytes: [42, 148, 27, 147, 102, 132, 87, 107, 9, 252, 224, 0, 225, 204, 246, 126]
shiftrows: [42, 148, 27, 147, 132, 87, 107, 102, 224, 0, 9, 252, 126, 225, 204, 246]
mixcolumn: [93, 43, 78, 157, 124, 219, 26, 182, 247, 251, 45, 23, 230, 41, 204, 195]
roundKey: [157, 139, 80, 254, 44, 55, 220, 183, 67, 246, 209, 158, 165, 24, 106, 16]
Round:  2
subBytes: [94, 61, 83, 187, 113, 154, 134, 169, 26, 66, 62, 11, 6, 173, 2, 202]
shiftrows: [94, 61, 83, 187, 154, 134, 169, 113, 62, 11, 26, 66, 202, 6, 173, 2]
mixcolumn: [253, 230, 241, 190, 249, 49, 153, 157, 253, 167, 34, 72, 201, 198, 7, 225]
roundKey: [67, 248, 241, 221, 14, 42, 68, 65, 47, 120, 1, 226, 113, 79, 40, 29]
Round:  3
subBytes: [26, 65, 161, 193, 171, 229, 27, 131, 21, 188, 124, 152, 163, 132, 52, 164]
shiftrows: [26, 65, 161, 193, 229, 27, 131, 171, 124, 152, 21, 188, 164, 163, 132, 52]
mixcolumn: [216, 148, 86, 2[3J[H[2J47, 235, 103, 7, 103, 240, 143, 159, 85, 228, 29, 125, 39]
roundKey: [228, 182, 116, 182, 176, 39, 154, 38, 146, 50, 1, 97, 167, 215, 152, 62]
Round:  4
subBytes: [105, 78, 146, 78, 231, 204, 184, 247, 79, 35, 124, 239, 92, 14, 70, 178]
shiftrows: [105, 78, 146, 78, 204, 184, 247, 231, 124, 239, 79, 35, 178, 92, 14, 70]
mixcolumn: [83, 252, 124, 203, 220, 83, 184, 184, 144, 215, 233, 37, 116, 61, 9, 154]
roundKey: [228, 105, 203, 61, 159, 80, 38, 103, 38, 220, 124, 132, 180, 55, 230, 108]
Round:  5
subBytes: [105, 249, 31, 39, 219, 83, 247, 133, 247, 134, 16, 95, 141, 154, 142, 80]
shiftrows: [105, 249, 31, 39, 83, 247, 133, 219, 16, 95, 247, 134, 80, 141, 154, 142]
mixcolumn: [103, 57, 199, 48, 175, 96, 150, 149, 234, 60, 218, 98, 88, 185, 124, 51]
roundKey: [94, 149, 220, 221, 222, 18, 122, 166, 30, 195, 176, 169, 218, 49, 27, 162]
Round:  6
subBytes: [88, 42, 134, 193, 29, 201, 218, 36, 114, 46, 231, 211, 87, 199, 175, 58]
shiftrows: [88, 42, 134, 193, 201, 218, 36, 29, 231, 211, 114, 46, 58, 87, 199, 175]
mixcolumn: [45, 165, 206, 63, 217, 188, 159, 38, 10, 180, 20, 106, 178, 217, 82, 46]
roundKey: [247, 211, 163, 191, 183, 160, 111, 229, 127, 62, 244, 65, 101, 134, 106, 135]
Round:  7
subBytes: [104, 102, 10, 8, 169, 224, 168, 217, 210, 178, 191, 131, 77, 68, 2, 23]
shiftrows: [104, 102, 10, 8, 224, 168, 217, 169, 191, 131, 210, 178, 23, 77, 68, 2]
mixcolumn: [67, 225, 242, 64, 126, 254, 138, 142, 212, 4, 160, 216, 201, 27, 157, 7]
roundKey: [247, 35, 93, 111, 225, 125, 249, 62, 114, 40, 108, 63, 211, 94, 224, 211]
Round:  8
subBytes: [104, 38, 76, 168, 248, 255, 153, 178, 64, 52, 80, 117, 102, 88, 225, 102]
shiftrows: [104, 38, 76, 168, 255, 153, 178, 248, 80, 117, 64, 52, 102, 102, 88, 225]
mixcolumn: [252, 239, 77, 141, 27, 246, 171, 254, 157, 255, 150, 0, 219, 74, 150, 246]
roundKey: [47, 254, 243, 28, 16, 126, 80, 181, 115, 61, 152, 233, 212, 0, 161, 21]
Round:  9
subBytes: [21, 187, 13, 156, 202, 243, 83, 213, 143, 39, 70, 30, 72, 99, 50, 89]
shiftrows: [21, 187, 13, 156, 243, 83, 213, 202, 70, 30, 143, 39, 89, 72, 99, 50]
mixcolumn: [59, 206, 146, 115, 123, 119, 85, 72, 129, 12, 120, 78, 56, 11, 139, 54]
roundKey: [64, 164, 70, 54, 110, 234, 51, 101, 126, 49, 75, 148, 182, 207, 120, 38]
###Last Round of Encryption###
subByte:  [9, 73, 90, 5, 159, 135, 195, 77, 243, 199, 179, 34, 78, 138, 188, 247]
shiftRows:  [9, 73, 90, 5, 135, 195, 77, 159, 179, 34, 243, 199, 247, 78, 138, 188]
addRoundKey:  [156, 182, 113, 107, 197, 28, 244, 11, 134, 42, 200, 38, 23, 106, 93, 123]
ar : [16, 0, 0, 0, 0, 0, 0, 0, 0, 0, 0, 0, 0, 0, 0, 0]
ar : [16, 16, 0, 0, 0, 0, 0, 0, 0, 0, 0, 0, 0, 0, 0, 0]
ar : [16, 16, 16, 0, 0, 0, 0, 0, 0, 0, 0, 0, 0, 0, 0, 0]
ar : [16, 16, 16, 16, 0, 0, 0, 0, 0, 0, 0, 0, 0, 0, 0, 0]
ar : [16, 16, 16, 16, 16, 0, 0, 0, 0, 0, 0, 0, 0, 0, 0, 0]
ar : [16, 16, 16, 16, 16, 16, 0, 0, 0, 0, 0, 0, 0, 0, 0, 0]
ar : [16, 16, 16, 16, 16, 16, 16, 0, 0, 0, 0, 0, 0, 0, 0, 0]
ar : [16, 16, 16, 16, 16, 16, 16, 16, 0, 0, 0, 0, 0, 0, 0, 0]
ar : [16, 16, 16, 16, 16, 16, 16, 16, 16, 0, 0, 0, 0, 0, 0, 0]
ar : [16, 16, 16, 16, 16, 16, 16, 16, 16, 16, 0, 0, 0, 0, 0, 0]
ar : [16, 16, 16, 16, 16, 16, 16, 16, 16, 16, 16, 0, 0, 0, 0, 0]
ar : [16, 16, 16, 16, 16, 16, 16, 16, 16, 16, 16, 16, 0, 0, 0, 0]
ar : [16, 16, 16, 16, 16, 16, 16, 16, 16, 16, 16, 16, 16, 0, 0, 0]
ar : [16, 16, 16, 16, 16, 16, 16, 16, 16, 16, 16, 16, 16, 16, 0, 0]
ar : [16, 16, 16, 16, 16, 16, 16, 16, 16, 16, 16, 16, 16, 16, 16, 0]
ar : [16, 16, 16, 16, 16, 16, 16, 16, 16, 16, 16, 16, 16, 16, 16, 16]
PT@2:[16, 16, 16, 16, 16, 16, 16, 16, 16, 16, 16, 16, 16, 16, 16, 16]
IP@2:[140, 213, 150, 7, 166, 12, 58, 122, 97, 228, 216, 77, 123, 27, 54, 107]
########################################################### ----- new data
Initial Round - AddRoundKey:  [139, 198, 223, 6, 24, 176, 206, 220, 191, 131, 41, 67, 187, 8, 218, 30]
Round:  1
subBytes: [61, 180, 158, 111, 173, 231, 139, 134, 8, 236, 165, 26, 234, 48, 87, 114]
shiftrows: [61, 180, 158, 111, 231, 139, 134, 173, 165, 26, 8, 236, 114, 234, 48, 87]
mixcolumn: [159, 5, 142, 137, 110, 125, 161, 86, 29, 46, 88, 248, 225, 153, 87, 94]
roundKey: [95, 165, 144, 234, 62, 145, 103, 87, 169, 35, 164, 113, 162, 168, 241, 141]
Round:  2
subBytes: [207, 6, 96, 135, 178, 129, 133, 91, 211, 38, 73, 163, 58, 194, 161, 93]
shiftrows: [207, 6, 96, 135, 129, 133, 91, 178, 73, 163, 211, 38, 93, 58, 194, 161]
mixcolumn: [9, 1, 60, 95, 80, 211, 122, 51, 59, 144, 219, 129, 56, 88, 183, 95]
roundKey: [183, 31, 60, 60, 167, 200, 167, 239, 233, 79, 248, 43, 128, 209, 152, 163]
Round:  3
subBytes: [169, 192, 235, 235, 92, 232, 92, 223, 30, 132, 65, 241, 205, 62, 70, 10]
shiftrows: [169, 192, 235, 235, 232, 92, 223, 92, 65, 241, 30, 132, 10, 205, 62, 70]
mixcolumn: [33, 67, 151, 235, 171, 189, 82, 130, 221, 41, 74, 110, 93, 119, 155, 114]
roundKey: [29, 97, 181, 170, 240, 253, 207, 195, 191, 148, 212, 90, 30, 189, 126, 107]
Round:  4
subBytes: [164, 239, 213, 172, 140, 84, 138, 46, 8, 34, 72, 190, 114, 122, 243, 127]
shiftrows: [164, 239, 213, 172, 84, 138, 46, 140, 72, 190, 8, 34, 127, 114, 122, 243]
mixcolumn: [152, 140, 177, 29, 171, 75, 235, 58, 225, 148, 101, 106, 21, 250, 182, 188]
roundKey: [47, 25, 6, 235, 232, 72, 117, 229, 87, 159, 240, 203, 213, 240, 89, 74]
Round:  5
subBytes: [21, 212, 111, 233, 155, 82, 157, 217, 91, 219, 140, 31, 3, 140, 203, 214]
shiftrows: [21, 212, 111, 233, 82, 157, 217, 155, 140, 31, 91, 219, 214, 3, 140, 203]
mixcolumn: [134, 19, 121, 111, 232, 215, 167, 121, 37, 114, 143, 153, 86, 227, 48, 237]
roundKey: [191, 191, 98, 130, 153, 165, 75, 74, 209, 141, 229, 82, 212, 107, 87, 124]
Round:  6
subBytes: [8, 8, 170, 19, 238, 6, 179, 214, 62, 93, 217, 0, 72, 127, 91, 16]
shiftrows: [8, 8, 170, 19, 6, 179, 214, 238, 217, 0, 62, 93, 16, 72, 127, 91]
mixcolumn: [211, 150, 111, 9, 100, 61, 32, 104, 151, 99, 129, 170, 231, 59, 243, 48]
roundKey: [9, 224, 2, 137, 10, 33, 208, 171, 226, 233, 97, 129, 48, 100, 203, 153]
Round:  7
subBytes: [1, 225, 119, 167, 103, 253, 112, 98, 152, 30, 239, 12, 4, 67, 31, 238]
shiftrows: [1, 225, 119, 167, 253, 112, 98, 103, 239, 12, 152, 30, 238, 4, 67, 31]
mixcolumn: [31, 65, 147, 253, 36, 17, 67, 84, 16, 133, 251, 221, 214, 76, 229, 181]
roundKey: [171, 131, 60, 210, 187, 146, 48, 228, 182, 169, 55, 58, 204, 9, 152, 97]
Round:  8
subBytes: [98, 236, 235, 181, 234, 79, 4, 105, 78, 211, 154, 128, 75, 1, 70, 239]
shiftrows: [98, 236, 235, 181, 79, 4, 105, 234, 154, 128, 78, 211, 239, 75, 1, 70]
mixcolumn: [96, 4, 57, 193, 166, 52, 234, 82, 40, 46, 29, 40, 182, 61, 3, 113]
roundKey: [179, 21, 135, 80, 173, 188, 17, 25, 198, 236, 19, 193, 185, 119, 52, 146]
Round:  9
subBytes: [109, 89, 23, 83, 149, 101, 130, 212, 180, 206, 125, 120, 86, 245, 24, 79]
shiftrows: [109, 89, 23, 83, 101, 130, 212, 149, 125, 120, 180, 206, 79, 86, 245, 24]
mixcolumn: [71, 1, 8, 212, 111, 152, 150, 51, 35, 209, 180, 105, 49, 189, 168, 158]
roundKey: [60, 107, 220, 145, 122, 5, 240, 30, 220, 236, 135, 179, 191, 121, 91, 142]
###Last Round of Encryption###
subByte:  [235, 127, 134, 129, 218, 107, 140, 114, 134, 206, 23, 109, 8, 182, 57, 25]
shiftRows:  [235, 127, 134, 129, 107, 140, 114, 218, 23, 109, 134, 206, 25, 8, 182, 57]
addRoundKey:  [126, 128, 173, 239, 41, 83, 203, 78, 34, 101, 189, 47, 249, 44, 97, 254]
Cipher: [228, 87, 66, 209, 4, 49, 12, 164, 253, 91, 19, 166, 5, 173, 24, 198, 218, 123, 12, 57, 226, 150, 137, 48, 159, 149, 52, 36, 58, 167, 66, 245, 156, 197, 134, 23, 182, 28, 42, 106, 113, 244, 200, 93, 107, 11, 38, 123, 126, 41, 34, 249, 128, 83, 101, 44, 173, 203, 189, 97, 239, 78, 47, 254]
Decryption Started...
AddRoundKey:  [79, 29, 180, 84, 57, 73, 44, 51, 57, 129, 15, 163, 217, 20, 243, 50]
Round:  9
shiftrows:  [79, 29, 180, 84, 51, 57, 73, 44, 15, 163, 57, 129, 20, 243, 50, 217]
subBytes:  [146, 222, 198, 253, 102, 91, 164, 66, 251, 113, 91, 145, 155, 126, 161, 229]
addRoundKey:  [233, 180, 18, 184, 115, 198, 194, 111, 4, 76, 104, 75, 21, 186, 82, 245]
mixColumns:  [224, 85, 161, 224, 161, 234, 0, 117, 0, 190, 20, 193, 202, 133, 95, 61]
Round:  8
shiftrows:  [224, 85, 161, 224, 117, 161, 234, 0, 20, 193, 0, 190, 133, 95, 61, 202]
subBytes:  [160, 237, 241, 160, 63, 241, 187, 82, 155, 221, 82, 90, 103, 132, 139, 16]
addRoundKey:  [115, 252, 79, 49, 52, 121, 64, 25, 117, 31, 92, 179, 104, 206, 188, 243]
mixColumns:  [89, 142, 203, 90, 97, 157, 115, 214, 235, 197, 29, 8, 137, 130, 74, 236]
Round:  7
shiftrows:  [89, 142, 203, 90, 214, 97, 157, 115, 29, 8, 235, 197, 130, 74, 236, 137]
subBytes:  [21, 230, 89, 70, 74, 216, 117, 143, 222, 191, 60, 7, 17, 92, 131, 242]
addRoundKey:  [161, 36, 246, 105, 213, 91, 6, 63, 120, 147, 240, 224, 11, 25, 254, 38]
mixColumns:  [63, 44, 90, 171, 254, 223, 115, 130, 232, 106, 187, 25, 46, 108, 108, 160]
Round:  6
shiftrows:  [63, 44, 90, 171, 130, 254, 223, 115, 187, 25, 232, 106, 108, 108, 160, 46]
subBytes:  [37, 66, 70, 14, 17, 12, 239, 143, 254, 142, 200, 88, 184, 184, 71, 195]
addRoundKey:  [255, 52, 43, 142, 127, 16, 31, 76, 139, 4, 40, 115, 111, 231, 127, 106]
mixColumns:  [70, 25, 25, 145, 165, 108, 188, 243, 250, 188, 220, 193, 125, 14, 26, 120]
Round:  5
shiftrows:  [70, 25, 25, 145, 243, 165, 108, 188, 220, 193, 250, 188, 14, 26, 120, 125]
subBytes:  [152, 142, 142, 172, 126, 41, 184, 120, 147, 221, 20, 120, 215, 67, 193, 19]
addRoundKey:  [161, 34, 149, 65, 15, 91, 84, 75, 103, 34, 126, 179, 85, 203, 166, 130]
mixColumns:  [195, 172, 92, 72, 188, 163, 52, 81, 38, 151, 133, 204, 197, 8, 244, 238]
Round:  4
shiftrows:  [195, 172, 92, 72, 81, 188, 163, 52, 133, 204, 38, 151, 8, 244, 238, 197]
subBytes:  [51, 170, 167, 212, 112, 120, 113, 40, 103, 39, 35, 133, 191, 186, 153, 7]
addRoundKey:  [132, 63, 16, 34, 51, 123, 239, 247, 209, 44, 182, 36, 127, 176, 118, 241]
mixColumns:  [111, 185, 135, 139, 22, 150, 211, 82, 8, 1, 95, 141, 104, 246, 52, 84]
Round:  3
shiftrows:  [111, 185, 135, 139, 82, 22, 150, 211, 95, 141, 8, 1, 246, 52, 84, 104]
subBytes:  [6, 219, 234, 206, 72, 255, 53, 169, 132, 180, 191, 9, 214, 40, 253, 247]
addRoundKey:  [58, 249, 200, 143, 19, 191, 168, 232, 230, 9, 33, 61, 149, 226, 24, 238]
mixColumns:  [137, 42, 38, 220, 112, 21, 240, 34, 225, 155, 125, 29, 66, 9, 242, 87]
Round:  2
shiftrows:  [137, 42, 38, 220, 34, 112, 21, 240, 125, 29, 225, 155, 9, 242, 87, 66]
subBytes:  [242, 149, 35, 147, 148, 208, 47, 23, 19, 222, 224, 232, 64, 4, 218, 246]
addRoundKey:  [76, 139, 35, 240, 99, 203, 242, 203, 193, 1, 195, 66, 248, 141, 245, 10]
mixColumns:  [182, 227, 169, 190, 192, 177, 18, 45, 23, 234, 156, 234, 119, 116, 192, 10]
Round:  1
shiftrows:  [182, 227, 169, 190, 45, 192, 177, 18, 156, 234, 23, 234, 116, 192, 10, 119]
subBytes:  [121, 77, 183, 90, 250, 31, 86, 57, 28, 187, 135, 187, 202, 31, 163, 2]
addRoundKey:  [185, 237, 169, 57, 170, 243, 144, 56, 168, 182, 123, 50, 137, 46, 5, 209]
mixColumns:  [98, 124, 247, 164, 155, 250, 118, 22, 23, 48, 171, 112, 220, 48, 109, 32]
###Last Round of Decryption###
ShiftRows:  [98, 124, 247, 164, 22, 155, 250, 118, 171, 112, 23, 48, 48, 109, 32, 220]
SubByte:  [171, 1, 38, 29, 255, 232, 20, 15, 14, 208, 135, 8, 8, 179, 84, 147]
AddRoundKey:  [172, 97, 152, 96, 50, 84, 62, 200, 39, 105, 118, 125, 180, 193, 195, 230]
Decryption Started...
AddRoundKey:  [9, 73, 90, 5, 135, 195, 77, 159, 179, 34, 243, 199, 247, 78, 138, 188]
Round:  9
shiftrows:  [9, 73, 90, 5, 159, 135, 195, 77, 243, 199, 179, 34, 78, 138, 188, 247]
subBytes:  [64, 164, 70, 54, 110, 234, 51, 101, 126, 49, 75, 148, 182, 207, 120, 38]
addRoundKey:  [59, 206, 146, 115, 123, 119, 85, 72, 129, 12, 120, 78, 56, 11, 139, 54]
mixColumns:  [21, 187, 13, 156, 243, 83, 213, 202, 70, 30, 143, 39, 89, 72, 99, 50]
Round:  8
shiftrows:  [21, 187, 13, 156, 202, 243, 83, 213, 143, 39, 70, 30, 72, 99, 50, 89]
subBytes:  [47, 254, 243, 28, 16, 126, 80, 181, 115, 61, 152, 233, 212, 0, 161, 21]
addRoundKey:  [252, 239, 77, 141, 27, 246, 171, 254, 157, 255, 150, 0, 219, 74, 150, 246]
mixColumns:  [104, 38, 76, 168, 255, 153, 178, 248, 80, 117, 64, 52, 102, 102, 88, 225]
Round:  7
shiftrows:  [104, 38, 76, 168, 248, 255, 153, 178, 64, 52, 80, 117, 102, 88, 225, 102]
subBytes:  [247, 35, 93, 111, 225, 125, 249, 62, 114, 40, 108, 63, 211, 94, 224, 211]
addRoundKey:  [67, 225, 242, 64, 126, 254, 138, 142, 212, 4, 160, 216, 201, 27, 157, 7]
mixColumns:  [104, 102, 10, 8, 224, 168, 217, 169, 191, 131, 210, 178, 23, 77, 68, 2]
Round:  6
shiftrows:  [104, 102, 10, 8, 169, 224, 168, 217, 210, 178, 191, 131, 77, 68, 2, 23]
subBytes:  [247, 211, 163, 191, 183, 160, 111, 229, 127, 62, 244, 65, 101, 134, 106, 135]
addRoundKey:  [45, 165, 206, 63, 217, 188, 159, 38, 10, 180, 20, 106, 178, 217, 82, 46]
mixColumns:  [88, 42, 134, 193, 201, 218, 36, 29, 231, 211, 114, 46, 58, 87, 199, 175]
Round:  5
shiftrows:  [88, 42, 134, 193, 29, 201, 218, 36, 114, 46, 231, 211, 87, 199, 175, 58]
subBytes:  [94, 149, 220, 221, 222, 18, 122, 166, 30, 195, 176, 169, 218, 49, 27, 162]
addRoundKey:  [103, 57, 199, 48, 175, 96, 150, 149, 234, 60, 218, 98, 88, 185, 124, 51]
mixColumns:  [105, 249, 31, 39, 83, 247, 133, 219, 16, 95, 247, 134, 80, 141, 154, 142]
Round:  4
shiftrows:  [105, 249, 31, 39, 219, 83, 247, 133, 247, 134, 16, 95, 141, 154, 142, 80]
subBytes:  [228, 105, 203, 61, 159, 80, 38, 103, 38, 220, 124, 132, 180, 55, 230, 108]
addRoundKey:  [83, 252, 124, 203, 220, 83, 184, 184, 144, 215, 233, 37, 116, 61, 9, 154]
mixColumns:  [105, 78, 146, 78, 204, 184, 247, 231, 124, 239, 79, 35, 178, 92, 14, 70]
Round:  3
shiftrows:  [105, 78, 146, 78, 231, 204, 184, 247, 79, 35, 124, 239, 92, 14, 70, 178]
subBytes:  [228, 182, 116, 182, 176, 39, 154, 38, 146, 50, 1, 97, 167, 215, 152, 62]
addRoundKey:  [216, 148, 86, 247, 235, 103, 7, 103, 240, 143, 159, 85, 228, 29, 125, 39]
mixColumns:  [26, 65, 161, 193, 229, 27, 131, 171, 124, 152, 21, 188, 164, 163, 132, 52]
Round:  2
shiftrows:  [26, 65, 161, 193, 171, 229, 27, 131, 21, 188, 124, 152, 163, 132, 52, 164]
subBytes:  [67, 248, 241, 221, 14, 42, 68, 65, 47, 120, 1, 226, 113, 79, 40, 29]
addRoundKey:  [253, 230, 241, 190, 249, 49, 153, 157, 253, 167, 34, 72, 201, 198, 7, 225]
mixColumns:  [94, 61, 83, 187, 154, 134, 169, 113, 62, 11, 26, 66, 202, 6, 173, 2]
Round:  1
shiftrows:  [94, 61, 83, 187, 113, 154, 134, 169, 26, 66, 62, 11, 6, 173, 2, 202]
subBytes:  [157, 139, 80, 254, 44, 55, 220, 183, 67, 246, 209, 158, 165, 24, 106, 16]
addRoundKey:  [93, 43, 78, 157, 124, 219, 26, 182, 247, 251, 45, 23, 230, 41, 204, 195]
mixColumns:  [42, 148, 27, 147, 132, 87, 107, 102, 224, 0, 9, 252, 126, 225, 204, 246]
###Last Round of Decryption###
ShiftRows:  [42, 148, 27, 147, 102, 132, 87, 107, 9, 252, 224, 0, 225, 204, 246, 126]
SubByte:  [149, 231, 68, 34, 211, 79, 218, 5, 64, 85, 160, 82, 224, 39, 214, 138]
AddRoundKey:  [146, 135, 250, 95, 30, 243, 240, 194, 105, 236, 81, 39, 92, 85, 65, 255]
Decryption Started...
AddRoundKey:  [235, 127, 134, 129, 107, 140, 114, 218, 23, 109, 134, 206, 25, 8, 182, 57]
Round:  9
shiftrows:  [235, 127, 134, 129, 218, 107, 140, 114, 134, 206, 23, 109, 8, 182, 57, 25]
subBytes:  [60, 107, 220, 145, 122, 5, 240, 30, 220, 236, 135, 179, 191, 121, 91, 142]
addRoundKey:  [71, 1, 8, 212, 111, 152, 150, 51, 35, 209, 180, 105, 49, 189, 168, 158]
mixColumns:  [109, 89, 23, 83, 101, 130, 212, 149, 125, 120, 180, 206, 79, 86, 245, 24]
Round:  8
shiftrows:  [109, 89, 23, 83, 149, 101, 130, 212, 180, 206, 125, 120, 86, 245, 24, 79]
subBytes:  [179, 21, 135, 80, 173, 188, 17, 25, 198, 236, 19, 193, 185, 119, 52, 146]
addRoundKey:  [96, 4, 57, 193, 166, 52, 234, 82, 40, 46, 29, 40, 182, 61, 3, 113]
mixColumns:  [98, 236, 235, 181, 79, 4, 105, 234, 154, 128, 78, 211, 239, 75, 1, 70]
Round:  7
shiftrows:  [98, 236, 235, 181, 234, 79, 4, 105, 78, 211, 154, 128, 75, 1, 70, 239]
subBytes:  [171, 131, 60, 210, 187, 146, 48, 228, 182, 169, 55, 58, 204, 9, 152, 97]
addRoundKey:  [31, 65, 147, 253, 36, 17, 67, 84, 16, 133, 251, 221, 214, 76, 229, 181]
mixColumns:  [1, 225, 119, 167, 253, 112, 98, 103, 239, 12, 152, 30, 238, 4, 67, 31]
Round:  6
shiftrows:  [1, 225, 119, 167, 103, 253, 112, 98, 152, 30, 239, 12, 4, 67, 31, 238]
subBytes:  [9, 224, 2, 137, 10, 33, 208, 171, 226, 233, 97, 129, 48, 100, 203, 153]
addRoundKey:  [211, 150, 111, 9, 100, 61, 32, 104, 151, 99, 129, 170, 231, 59, 243, 48]
mixColumns:  [8, 8, 170, 19, 6, 179, 214, 238, 217, 0, 62, 93, 16, 72, 127, 91]
Round:  5
shiftrows:  [8, 8, 170, 19, 238, 6, 179, 214, 62, 93, 217, 0, 72, 127, 91, 16]
subBytes:  [191, 191, 98, 130, 153, 165, 75, 74, 209, 141, 229, 82, 212, 107, 87, 124]
addRoundKey:  [134, 19, 121, 111, 232, 215, 167, 121, 37, 114, 143, 153, 86, 227, 48, 237]
mixColumns:  [21, 212, 111, 233, 82, 157, 217, 155, 140, 31, 91, 219, 214, 3, 140, 203]
Round:  4
shiftrows:  [21, 212, 111, 233, 155, 82, 157, 217, 91, 219, 140, 31, 3, 140, 203, 214]
subBytes:  [47, 25, 6, 235, 232, 72, 117, 229, 87, 159, 240, 203, 213, 240, 89, 74]
addRoundKey:  [152, 140, 177, 29, 171, 75, 235, 58, 225, 148, 101, 106, 21, 250, 182, 188]
mixColumns:  [164, 239, 213, 172, 84, 138, 46, 140, 72, 190, 8, 34, 127, 114, 122, 243]
Round:  3
shiftrows:  [164, 239, 213, 172, 140, 84, 138, 46, 8, 34, 72, 190, 114, 122, 243, 127]
subBytes:  [29, 97, 181, 170, 240, 253, 207, 195, 191, 148, 212, 90, 30, 189, 126, 107]
addRoundKey:  [33, 67, 151, 235, 171, 189, 82, 130, 221, 41, 74, 110, 93, 119, 155, 114]
mixColumns:  [169, 192, 235, 235, 232, 92, 223, 92, 65, 241, 30, 132, 10, 205, 62, 70]
Round:  2
shiftrows:  [169, 192, 235, 235, 92, 232, 92, 223, 30, 132, 65, 241, 205, 62, 70, 10]
subBytes:  [183, 31, 60, 60, 167, 200, 167, 239, 233, 79, 248, 43, 128, 209, 152, 163]
addRoundKey:  [9, 1, 60, 95, 80, 211, 122, 51, 59, 144, 219, 129, 56, 88, 183, 95]
mixColumns:  [207, 6, 96, 135, 129, 133, 91, 178, 73, 163, 211, 38, 93, 58, 194, 161]
Round:  1
shiftrows:  [207, 6, 96, 135, 178, 129, 133, 91, 211, 38, 73, 163, 58, 194, 161, 93]
subBytes:  [95, 165, 144, 234, 62, 145, 103, 87, 169, 35, 164, 113, 162, 168, 241, 141]
addRoundKey:  [159, 5, 142, 137, 110, 125, 161, 86, 29, 46, 88, 248, 225, 153, 87, 94]
mixColumns:  [61, 180, 158, 111, 231, 139, 134, 173, 165, 26, 8, 236, 114, 234, 48, 87]
###Last Round of Decryption###
ShiftRows:  [61, 180, 158, 111, 173, 231, 139, 134, 8, 236, 165, 26, 234, 48, 87, 114]
SubByte:  [139, 198, 223, 6, 24, 176, 206, 220, 191, 131, 41, 67, 187, 8, 218, 30]
AddRoundKey:  [140, 166, 97, 123, 213, 12, 228, 27, 150, 58, 216, 54, 7, 122, 77, 107]
Decrypted: Heeeeeeeeeeeeee Heeeeeeeeeeeeee

